	CAG1	CAG2	CAG3	CAG4	CAG5	CAG6	CAG7	CAG8	CAG9	CAG10	CAG11	CAG12	CAG13	CAG14	CAG15	CAG16	CAG17	CAG18
C22H36O7	0.795414501853898	0.1908358740045	0.795414501853898	0.00735502885780513	0.366251460583582	0.208063463695353	0.144586301303347	0.0415214944103185	0.664633161792668	0.174519008130059	0.470531995381542	0.066611882266889	0.00161476898606993	0.0260968910527031	0.91409334241076	0.166699987624945	0.208063463695353	0.648795709784666
C24H38ClNO3	0.470531995381542	0.307909876180653	0.931234351201881	0.226206044935027	0.845930921228779	0.0951573665941247	0.307909876180653	0.00222313540999092	0.416774768899138	0.0331699010901059	0.696683109395766	0.0512655897864915	0.0512655897864915	0.112109291468892	0.896985870819554	0.0184527180284454	0.795414501853898	0.255137751758957
C30H52O3	0.77001958268201	0.845663716050892	0.162057506175237	0.578567183873968	0.680063845919737	0.948311888497252	0.244376487259035	0.0473735961718799	0.795062623505012	0.14031277047271	0.274671409685401	0.0190194558338804	0.0918457918572557	0.335507821676454	0.0599836082381668	0.347291460927888	0.632487778851591	0.462836643549213
C26H25Cl2N7O4	0.182563978573167	0.089913736302639	0.166699987624945	0.745609480980708	0.617523489540143	0.391096770941896	0.307909876180653	0.0625114832796152	0.512840943181826	0.112109291468892	0.403833088314712	0.0358059970520293	0.319138785503305	0.044609296463363	0.00920177977763475	0.208063463695353	0.896985870819554	0.0548421197754078
C26H41Br2NO4	0.182563978573167	0.089913736302639	0.166699987624945	0.745609480980708	0.617523489540143	0.391096770941896	0.307909876180653	0.0625114832796152	0.512840943181826	0.112109291468892	0.403833088314712	0.0358059970520293	0.319138785503305	0.044609296463363	0.00920177977763475	0.208063463695353	0.896985870819554	0.0548421197754078
C35H52O5S2	0.828727854101125	0.526563052910977	0.40297832764889	0.571015781266848	0.948311888497252	0.64821522908268	0.462836643549213	0.0367585156261882	0.913943252875241	0.216146759539985	0.571015781266848	0.0457390744101121	0.0619578253998606	0.307014178900402	0.42908344267491	0.449188744038428	0.862659762625281	0.828727854101125
C29H21NO9	0.378568669662303	0.137657916347729	0.255137751758957	0.296904115688764	0.729194990751066	0.696683109395766	0.366251460583582	0.112109291468892	0.403833088314712	0.124454791188834	0.484451661455399	0.100602631832255	0.166699987624945	0.0240031912007137	0.0415214944103185	0.342259528940024	0.648795709784666	0.0306758950616401
C27H48O6	0.729194990751066	1	0.429918785032884	0.680597508286082	0.602099427786538	0.931234351201881	0.118175957013032	0.199335494617809	0.778725396245442	0.378568669662303	0.0951573665941247	0.0358059970520293	0.226206044935027	0.664633161792668	0.0512655897864915	0.275567450956781	0.729194990751066	0.470531995381542
C34H52O8	0.484451661455399	0.795414501853898	0.354147641232922	0.729194990751066	0.96559026891878	0.862898073694971	0.1908358740045	0.0153173290532817	0.879918578878675	0.137657916347729	0.208063463695353	0.00920177977763475	0.118175957013032	0.112109291468892	0.0512655897864915	0.130948069507173	0.96559026891878	0.217020225759977
C34H54O6	0.556737056176831	0.795414501853898	0.712884219214772	0.00580115047447825	0.484451661455399	0.527302354166108	0.226206044935027	0.118175957013032	0.391096770941896	0.106252371759346	0.602099427786538	0.130948069507173	0.0184527180284454	0.044609296463363	0.680597508286082	0.174519008130059	0.429918785032884	0.100602631832255
C31H37N5O5	0.527302354166108	0.296904115688764	0.403833088314712	0.0951573665941247	0.403833088314712	0.0125930304960941	0.0708943175492231	0.118175957013032	0.862898073694971	0.366251460583582	0.208063463695353	0.0153173290532817	0.000642825988627822	0.0708943175492231	0.429918785032884	0.235621003512646	0.217020225759977	0.456800852639923
C26H42ClN3O4	0.778725396245442	0.319138785503305	0.541935885731317	0.118175957013032	0.571701238527655	0.0220341909323653	0.199335494617809	0.0512655897864915	0.696683109395766	0.15173503571673	0.484451661455399	0.044609296463363	0.00580115047447825	0.118175957013032	0.617523489540143	0.174519008130059	0.286122902914988	0.470531995381542
Fe[59]O4S	0.255137751758957	0.429918785032884	0.712884219214772	0.342259528940024	0.443261936450183	0.556737056176831	0.217020225759977	0.0331699010901059	0.391096770941896	0.0512655897864915	0.429918785032884	0.0625114832796152	0.307909876180653	0.0848687711339349	0.0415214944103185	0.0548421197754078	0.812182698028059	0.166699987624945
C43H54N2O14	0.948402225236522	0.226206044935027	0.1908358740045	0.33058925941211	0.199335494617809	0.498555985524188	0.556737056176831	0.0512655897864915	0.286122902914988	0.0548421197754078	0.845930921228779	0.112109291468892	0.1908358740045	0.044609296463363	0.0153173290532817	0.416774768899138	0.527302354166108	0.391096770941896
C49H95NO8	0.136880347032052	0.99081513789721	0.871876520465178	0.73775119511615	0.506787666817593	0.981631299331817	0.291470553522429	0.0159045157852294	0.545567337084142	0.106726237062125	0.601830069822623	0.0604313169559827	0.37160833581361	0.106726237062125	0.447411028353368	0.027866304714937	0.729003561222526	0.37160833581361
C2H7O2PS2	0.246774081925335	0.620438118809029	0.526814272905407	0.482431643714935	0.946499971585818	0.719548871875791	0.135449958267465	0.0414407620935431	0.719548871875791	0.109312091500227	0.19907547261187	0.0132286641980361	0.149915032309139	0.165332956764079	0.0414407620935431	0.115503490900424	0.982156653918725	0.173403363306789
C30H41NO3	0.366251460583582	0.729194990751066	0.112109291468892	0.226206044935027	0.571701238527655	0.527302354166108	0.255137751758957	0.124454791188834	0.879918578878675	0.245265000730777	0.286122902914988	0.0415214944103185	0.0184527180284454	0.0848687711339349	0.0153173290532817	0.648795709784666	0.226206044935027	0.416774768899138
C29H46Cl2N2O6	0.778725396245442	0.648795709784666	0.275567450956781	0.729194990751066	0.778725396245442	0.778725396245442	0.391096770941896	0.00735502885780513	0.696683109395766	0.0753623350534836	0.429918785032884	0.0184527180284454	0.124454791188834	0.0800193759202747	0.0306758950616401	0.174519008130059	0.91409334241076	0.166699987624945
C33H48O9	0.829023640531309	0.812182698028059	0.286122902914988	0.130948069507173	0.378568669662303	0.812182698028059	0.0331699010901059	0.255137751758957	0.982791768902848	0.342259528940024	0.124454791188834	0.0201854985098541	0.0306758950616401	0.275567450956781	0.066611882266889	0.307909876180653	0.130948069507173	0.931234351201881
C41H65O8P	0.896985870819554	0.862898073694971	0.144586301303347	0.391096770941896	0.982791768902848	0.391096770941896	0.0512655897864915	0.286122902914988	0.762121655996299	0.378568669662303	0.0625114832796152	0.00654349014683787	0.0306758950616401	0.391096770941896	0.0220341909323653	0.354147641232922	0.484451661455399	0.1908358740045
