	CAG1	CAG2	CAG3	CAG4	CAG5	CAG6	CAG7	CAG8	CAG9	CAG10	CAG11	CAG12	CAG13	CAG14	CAG15	CAG16	CAG17	CAG18
C22H36O7	0.0839160839160839	0.405594405594406	0.0839160839160839	0.727272727272727	-0.286713287	-0.391608392	-0.447552448	-0.594405594	0.13986013986014	0.41958041958042	0.230769230769231	0.545454545454546	0.804195804195804	0.636363636363636	0.034965034965035	0.426573426573427	-0.391608392	0.146853146853147
C24H38ClNO3	-0.230769231	0.321678321678322	0.027972027972028	0.377622377622378	-0.062937063	-0.503496503	-0.321678322	-0.79020979	0.258741258741259	0.615384615384615	0.125874125874126	0.573426573426573	0.573426573426573	0.482517482517483	0.041958041958042	0.664335664335664	-0.083916084	0.356643356643357
C30H52O3	-0.094571073	-0.063047382	-0.430823778	0.178634249426278	0.133100028984286	0.0210157940501504	-0.364273764	-0.581436969	0.0840631762006016	0.451839572078233	0.34325796948579	0.661997512579737	0.507881689545301	0.304729013727181	0.556918542328985	0.297723749043797	-0.154115823	0.234676366893346
C26H25Cl2N7O4	-0.412587413	-0.51048951	-0.426573427	0.104895104895105	-0.160839161	0.272727272727273	-0.321678322	-0.552447552	0.20979020979021	0.482517482517483	0.265734265734266	0.608391608391608	0.314685314685315	0.587412587412588	0.713286713286713	0.391608391608392	0.041958041958042	0.566433566433566
C26H41Br2NO4	-0.412587413	-0.51048951	-0.426573427	0.104895104895105	-0.160839161	0.272727272727273	-0.321678322	-0.552447552	0.20979020979021	0.482517482517483	0.265734265734266	0.608391608391608	0.314685314685315	0.587412587412588	0.713286713286713	0.391608391608392	0.041958041958042	0.566433566433566
C35H52O5S2	0.0700526468338346	0.20315267581812	-0.266200058	0.18213688176797	0.0210157940501504	-0.147110558	-0.234676367	-0.605955395	0.0350263234169173	0.38528955758609	0.18213688176797	0.584939601062519	0.553415909987294	0.322242175435639	0.252189528601805	0.241681631576729	-0.056042117	0.0700526468338346
C29H21NO9	-0.27972028	-0.454545455	-0.356643357	0.328671328671329	-0.111888112	0.125874125874126	-0.286713287	-0.482517483	0.265734265734266	0.468531468531469	0.223776223776224	0.496503496503497	0.426573426573427	0.643356643356643	0.594405594405594	0.300699300699301	-0.146853147	0.622377622377623
C27H48O6	-0.111888112	0	-0.251748252	0.132867132867133	0.167832167832168	0.027972027972028	-0.475524476	-0.398601399	-0.090909091	0.27972027972028	0.503496503496504	0.608391608391608	0.377622377622378	0.13986013986014	0.573426573426573	0.342657342657343	-0.111888112	0.230769230769231
C34H52O8	-0.223776224	-0.083916084	-0.293706294	0.111888111888112	0.013986013986014	-0.055944056	-0.405594406	-0.678321678	0.048951048951049	0.454545454545455	0.391608391608392	0.713286713286713	0.475524475524476	0.482517482517483	0.573426573426573	0.461538461538462	0.013986013986014	0.384615384615385
C34H54O6	-0.188811189	0.0839160839160839	0.118881118881119	0.741258741258741	-0.223776224	-0.202797203	-0.377622378	-0.475524476	0.272727272727273	0.48951048951049	0.167832167832168	0.461538461538462	0.664335664335664	0.587412587412588	0.132867132867133	0.41958041958042	-0.251748252	0.496503496503497
C31H37N5O5	-0.202797203	-0.328671329	0.265734265734266	-0.503496503	0.265734265734266	0.692307692307692	0.538461538461539	0.475524475524476	0.055944055944056	-0.286713287	-0.391608392	-0.678321678	-0.839160839	-0.538461538	-0.251748252	-0.370629371	0.384615384615385	-0.237762238
C26H42ClN3O4	-0.090909091	-0.314685315	0.195804195804196	-0.475524476	0.181818181818182	0.65034965034965	0.398601398601399	0.573426573426573	-0.125874126	-0.440559441	-0.223776224	-0.587412587	-0.741258741	-0.475524476	-0.160839161	-0.41958042	0.335664335664336	-0.230769231
Fe[59]O4S	0.356643356643357	0.251748251748252	0.118881118881119	-0.300699301	0.244755244755245	-0.188811189	0.384615384615385	0.615384615384615	-0.272727273	-0.573426573	-0.251748252	-0.552447552	-0.321678322	-0.517482517	-0.594405594	-0.566433566	0.0769230769230769	-0.426573427
C43H54N2O14	0.020979020979021	0.377622377622378	0.405594405594406	-0.307692308	0.398601398601399	-0.216783217	0.188811188811189	0.573426573426573	-0.335664336	-0.566433566	-0.062937063	-0.482517483	-0.405594406	-0.587412587	-0.678321678	-0.258741259	0.202797202797203	-0.272727273
C49H95NO8	0.455344351293406	0.00373233074830661	0.0522526304762925	-0.108237592	0.212742852653477	-0.007464661	0.332177436599288	0.675551865443496	-0.194081199	-0.488935328	-0.167954884	-0.556117281	-0.283657137	-0.488935328	-0.242601499	-0.630763896	-0.111969922	-0.283657137
C2H7O2PS2	0.362556891906019	0.159525032438648	0.20303185946737	-0.224785273	0.0217534135143611	-0.116018205	0.456821683801584	0.594593302725871	-0.116018205	-0.485826235	-0.398812581	-0.688858095	-0.442319408	-0.427817132	-0.594593303	-0.478575097	0.00725113783812037	-0.420565995
C30H41NO3	-0.286713287	0.111888111888112	0.482517482517483	-0.377622378	0.181818181818182	0.202797202797203	0.356643356643357	0.468531468531469	-0.048951049	-0.363636364	-0.335664336	-0.594405594	-0.664335664	-0.517482517	-0.678321678	-0.146853147	0.377622377622378	-0.258741259
C29H46Cl2N2O6	0.0909090909090909	0.146853146853147	0.342657342657343	-0.111888112	0.0909090909090909	0.0909090909090909	0.272727272727273	0.727272727272727	-0.125874126	-0.531468531	-0.251748252	-0.664335664	-0.468531469	-0.524475524	-0.622377622	-0.41958042	-0.034965035	-0.426573427
C33H48O9	-0.06993007	-0.076923077	0.335664335664336	-0.461538462	0.27972027972028	0.0769230769230769	0.615384615384615	0.356643356643357	0.00699300699300699	-0.300699301	-0.468531469	-0.657342657	-0.622377622	-0.342657343	-0.545454545	-0.321678322	0.461538461538462	-0.027972028
C41H65O8P	0.041958041958042	0.055944055944056	0.447552447552448	-0.272727273	-0.006993007	0.272727272727273	0.573426573426573	0.335664335664336	0.0979020979020979	-0.27972028	-0.552447552	-0.734265734	-0.622377622	-0.272727273	-0.65034965	-0.293706294	0.223776223776224	-0.405594406
