	Total SCFAs	Acetic acid	Propanoic acid	Butyric acid	Isobutyric acid	Valeric acid	Isovaleric acid	Hexanoic acid
CAG1	0.778725	0.794709	0.914093	0.861694	0.648796	0.34226	0.96553	0.956843
CAG2	0.96559	0.794709	0.512841	0.32034	0.354148	0.456801	0.249283	0.059439
CAG3	0.182564	0.153779	0.089914	0.361831	0.174519	0.159106	0.469733	0.913792
CAG4	0.378569	0.370632	0.416775	0.260737	0.255138	0.729195	0.173686	0.13953
CAG5	0.696683	0.647632	0.795415	0.776809	0.729195	0.586824	0.828728	0.383069
CAG6	0.378569	0.462027	0.729195	0.114497	0.226206	0.948402	0.234737	0.01709
CAG7	0.084869	0.126163	0.245265	0.03509	0.038588	0.151735	0.045739	0.033666
CAG8	0.159106	0.15748	0.174519	0.120703	0.159106	0.084869	0.123706	0.026491
CAG9	0.696683	0.836905	0.896986	0.523571	0.470532	1	0.616899	0.679528
CAG10	0.470532	0.41508	0.265239	0.545715	0.633091	0.235621	0.476676	0.40212
CAG11	0.137658	0.184975	0.296904	0.089184	0.075362	0.235621	0.120547	0.146543
CAG12	0.002586	0.006262	0.020185	0.000572	0.000951	0.00395	0.001697	0.00209
CAG13	0.006543	0.010967	0.035806	0.000366	0.000201	0.106252	0.000446	0.000116
CAG14	0.070894	0.046892	0.137658	0.094447	0.124455	0.095157	0.162058	0.024367
CAG15	0.182564	0.129422	0.041521	0.516277	0.296904	0.041521	0.563504	0.896625
CAG16	0.391097	0.44161	0.586824	0.276303	0.527302	0.199335	0.335508	0.091181
CAG17	0.829024	0.777965	0.664633	0.735137	0.403833	0.745609	0.609158	0.555325
CAG18	0.1667	0.129422	0.159106	0.3497	0.778725	0.080019	0.571016	0.72008
