	Total SCFAs	Acetic acid	Propanoic acid	Butyric acid	Isobutyric acid	Valeric acid	Isovaleric acid	Hexanoic acid
CAG1	-0.090909091	-0.084211045	-0.034965035	-0.056439584	0.146853147	-0.300699301	-0.014010529	0.017543968
CAG2	0.013986014	-0.084211045	-0.20979021	0.313945188	0.293706294	-0.237762238	0.360771131	0.557898171
CAG3	-0.412587413	-0.438599191	-0.51048951	-0.289252869	-0.41958042	-0.433566434	-0.231173735	-0.035087935
CAG4	0.27972028	0.284212276	0.258741259	0.352747402	0.356643357	0.111888112	0.420315881	0.452634365
CAG5	-0.125874126	-0.147369328	-0.083916084	-0.091714324	-0.111888112	-0.174825175	-0.070052647	-0.277194689
CAG6	-0.27972028	-0.235089166	-0.111888112	-0.479736466	-0.377622378	0.020979021	-0.371279028	-0.670179564
CAG7	-0.517482517	-0.466669539	-0.363636364	-0.610253005	-0.601398601	-0.440559441	-0.584939601	-0.614038868
CAG8	-0.433566434	-0.435090398	-0.41958042	-0.472681518	-0.433566434	-0.517482517	-0.469352734	-0.635091629
CAG9	-0.125874126	-0.066667077	0.041958042	-0.204593493	-0.230769231	0	-0.161121088	-0.133334154
CAG10	0.230769231	0.259650721	0.34965035	0.194011071	0.153846154	0.370629371	0.227671102	0.266668308
CAG11	0.454545455	0.410528843	0.328671329	0.511483732	0.531468531	0.370629371	0.472855366	0.445616778
CAG12	0.783216783	0.736846641	0.657342657	0.84306629	0.825174825	0.762237762	0.802102806	0.792987338
CAG13	0.734265734	0.701758706	0.608391608	0.857176186	0.874125874	0.48951049	0.851139659	0.887724763
CAG14	0.538461538	0.582459726	0.454545455	0.504428784	0.468531469	0.503496503	0.430823778	0.642109216
CAG15	0.412587413	0.463160746	0.594405594	0.208120967	0.328671329	0.594405594	0.185639514	0.042105522
CAG16	0.272727273	0.245615547	0.174825175	0.34216498	0.202797203	0.398601399	0.304729014	0.508775062
CAG17	-0.06993007	-0.091228632	-0.13986014	-0.109351695	-0.265734266	0.104895105	-0.16462372	-0.189474851
CAG18	0.426573427	0.463160746	0.433566434	0.296307817	0.090909091	0.524475524	0.182136882	0.115790186
